98
50
77
61
60
49
54
70
49
52
44
80
38
60
106
81
50
69
118
65
69
129
56
57
51
94
88
62
49
67
38
61
93
61
196
94
105
76
74
80
48
57
68
87
59
60
50
78
60
86
55
60
79
91
82
49
111
83
62
60
65
84
76
68
67
65
58
84
63
83
71
126
102
61
106
57
64
71
69
91
75
53
78
78
72
82
76
65
88
80
97
72
100
81
71
65
62
83
97
65
88
85
67
90
74
136
81
92
102
42
68
64
59
47
93
57
70
118
76
57
55
45
47
48
78
83
78
49
87
53
70
49
86
139
38
60
56
43
51
73
49
65
54
75
96
62
84
67
79
56
64
79
63
58
60
41
49
77
54
70
73
82
81
49
90
88
57
53
86
62
83
66
34
82
64
68
53
46
88
54
109
54
74
84
53
68
96
88
74
55
53
45
67
55
57
126
66
68
117
47
113
64
49
65
77
72
75
49
66
63
51
90
61
156
58
62
96
58
120
77
66
61
78
73
68
88
46
64
44
88
76
142
73
34
88
62
128
80
63
58
82
93
92
68
41
52
61
67
70
43
62
76
151
74
102
85
50
83
63
80
79
58
49
60
50
66
82
62
72
67
166
57
104
71
73
53
88
67
69
66
35
68
65
50
47
43
79
41
114
73
81
106
88
66
75
83
57
60
42
77
64
59
87
96
132
25
113
56
104
75
71
52
59
85
64
31
83
70
69
77
67
128
142
43
87
76
109
69
68
77
65
72
81
65
81
66
56
76
61
49
51
49
134
57
103
80
57
57
68
91
91
92
82
68
85
70
62
13
61
162
116
70
122
73
59
67
66
78
72
41
61
100
66
67
51
46
57
162
124
66
83
59
84
43
67
70
71
166
42
66
68
65
68
76
70
76
149
45
107
88
72
50
63
52
64
55
41
68
58
73
73
81
168
72
110
55
73
60
63
54
71
58
62
53
36
76
62
85
98
160
91
38
193
58
103
80
81
55
62
58
59
118
65
63
65
77
94
84
65
58
124
82
90
107
112
72
74
53
47
84
62
70
58
103
97
144
75
81
137
68
78
99
89
73
66
73
77
81
64
73
67
100
76
68
156
74
109
56
99
62
80
69
46
58
51
122
58
65
54
59
58
47
67
82
114
63
98
76
51
53
58
54
55
94
69
46
45
57
62
54
71
76
111
41
106
100
55
51
45
52
56
68
53
76
43
52
61
52
50
41
173
138
148
129
117
123
119
114
111
107
100
110
111
67
116
118
94
98
177
127
159
112
122
105
136
117
119
120
93
127
115
115
111
118
118
136
182
117
179
112
138
114
118
120
101
129
112
138
120
124
116
137
123
108
120
100
76
74
49
46
76
76
73
50
92
80
79
73
84
106
55
39
105
47
70
98
65
58
57
56
71
76
84
82
72
91
83
48
58
42
115
54
87
58
51
47
46
71
67
79
71
92
82
99
102
48
61
55
90
67
87
105
84
82
87
99
105
20
89
83
70
105
121
83
66
85
99
70
92
85
60
70
102
112
83
55
92
98
64
88
103
65
65
83
115
51
93
98
86
79
92
93
91
58
108
102
90
114
83
68
82
106
125
83
124
93
76
86
85
93
72
53
65
72
60
74
105
63
109
77
196
95
116
83
85
84
79
95
98
72
67
105
70
79
89
114
54
61
144
87
125
101
89
74
95
101
113
67
78
95
73
71
87
142
68
79
120
86
101
86
105
73
100
122
85
78
73
88
41
74
85
79
76
26
132
51
100
93
100
96
77
125
105
74
73
88
42
102
99
88
67
42
127
68
111
81
100
135
101
115
100
61
87
109
51
93
97
90
84
42
104
95
103
70
57
71
92
64
77
60
74
82
62
80
70
90
83
88
106
69
108
91
77
30
76
72
76
75
74
97
67
99
96
81
82
88
126
75
92
84
42
36
89
64
64
61
81
89
58
87
65
27
64
89
82
64
78
68
53
64
91
52
66
43
68
59
44
58
71
74
50
75
96
67
49
64
73
78
53
70
75
59
66
67
56
80
72
66
61
65
95
52
60
75
60
54
58
101
68
65
59
59
49
65
63
80
63
83
121
101
116
99
101
104
83
80
66
103
81
77
80
91
91
77
92
81
136
100
105
97
93
94
89
74
74
81
85
78
81
87
78
190
80
81
153
92
131
98
100
102
84
67
83
71
64
88
86
93
85
82
101
70
103
94
48
75
81
71
68
77
80
78
80
87
73
82
77
95
94
79
149
108
97
84
80
71
80
75
71
55
71
83
58
67
94
110
106
105
129
83
91
91
78
80
88
77
90
60
83
95
65
88
82
158
112
88
147
61
125
85
81
66
87
91
90
90
67
93
79
84
97
87
100
76
150
80
113
99
81
109
86
102
61
77
73
147
96
90
96
84
122
96
144
93
99
109
90
80
87
81
69
98
70
121
81
97
99
72
110
112
168
87
110
118
101
146
98
83
114
80
79
134
70
119
107
146
126
135
196
96
152
141
99
114
103
141
117
121
102
122
74
120
191
125
126
135
195
121
127
132
106
98
130
132
118
115
80
128
99
139
96
126
125
146
154
74
161
114
105
99
103
111
93
100
102
98
94
117
91
102
170
94
185
73
186
111
102
106
103
132
115
80
118
124
116
104
110
87
136
134
155
90
160
111
108
101
112
129
114
232
130
126
89
158
102
102
126
172
186
77
136
116
100
94
145
108
90
78
108
107
95
104
90
112
125
117
157
98
143
123
95
104
138
150
90
83
127
110
79
156
97
123
100
137
181
106
161
143
142
92
112
136
88
111
113
88
72
151
119
123
119
131
163
117
147
109
100
113
103
117
108
75
62
111
85
91
123
65
104
84
187
105
130
143
91
120
154
119
110
178
87
88
94
91
90
75
129
83
215
87
157
97
86
106
98
123
119
70
95
88
80
95
84
212
104
95
130
74
164
124
92
90
137
110
105
14
86
95
64
136
91
116
101
76
148
116
180
119
92
95
119
126
96
81
71
91
54
106
106
104
86
101
166
117
171
110
81
111
96
117
123
78
100
77
61
122
152
91
106
112
233
90
176
134
114
108
156
109
85
84
92
97
94
90
75
78
141
129
176
125
153
126
107
114
124
139
81
78
120
106
111
95
118
118
105
82
195
97
166
135
122
104
105
141
85
123
125
101
106
100
114
74
87
93
150
115
132
92
109
115
121
122
102
48
77
107
83
124
89
62
87
89
167
99
168
115
100
105
121
131
118
73
130
92
106
117
123
99
110
110
172
103
185
105
88
96
101
122
96
80
119
118
99
130
99
89
109
117
151
81
112
114
111
76
113
96
86
252
57
104
85
99
97
107
97
82
221
86
158
141
93
80
102
89
92
59
62
106
75
114
106
127
106
86
186
94
122
99
86
86
81
110
85
62
67
109
93
113
130
121
126
55
270
82
141
124
113
90
98
102
88
146
81
103
83
93
156
114
96
77
171
105
133
151
126
82
108
95
77
120
89
101
98
138
126
130
206
107
188
109
133
122
117
100
129
101
87
99
90
103
98
148
113
113
90
97
145
77
127
101
113
97
102
104
87
186
101
103
84
100
78
65
98
73
163
81
130
101
92
91
113
100
96
63
104
79
78
81
92
80
122
103
177
80
119
128
101
100
95
76
99
198
99
100
79
87
97
74
72
93
179
140
164
137
131
127
122
124
106
104
105
109
109
73
130
127
109
104
189
141
171
130
132
121
138
111
121
118
98
125
125
121
118
145
124
137
186
127
183
121
158
131
130
115
104
101
109
130
123
123
119
147
119
106
208
105
132
126
117
104
160
126
120
76
114
102
112
95
94
93
132
71
223
97
155
167
119
113
130
119
156
85
111
123
103
109
117
212
242
78
228
104
149
157
137
94
95
111
151
76
84
116
110
133
114
109
99
109
124
99
123
133
121
106
103
153
130
158
84
86
89
138
150
105
93
108
135
92
130
110
105
103
135
164
109
162
138
126
94
110
135
100
90
118
176
80
149
138
108
104
124
161
136
74
154
126
133
129
120
102
115
145
211
125
157
140
109
120
115
137
87
62
79
96
91
100
126
93
106
95
254
107
138
122
119
105
126
120
116
92
85
116
94
109
117
108
68
66
222
134
143
130
104
102
140
145
136
83
93
112
99
92
99
89
83
112
176
102
128
126
129
80
126
152
119
86
84
121
93
111
115
106
90
77
174
95
131
128
109
114
111
167
121
82
108
107
98
116
119
98
81
89
151
100
147
117
125
103
119
157
121
74
99
127
91
131
123
108
104
97
157
124
119
115
72
94
107
94
99
83
89
134
84
133
95
104
102
120
160
98
136
99
108
93
110
98
110
75
101
115
83
131
120
103
109
99
156
94
129
114
90
87
115
100
77
75
91
107
78
118
92
104
96
113
147
101
122
94
105
100
181
82
94
68
88
89
81
88
79
116
94
116
143
101
100
106
103
106
91
92
105
83
88
107
88
133
100
103
101
111
153
83
103
118
99
87
90
94
78
92
85
107
85
95
89
112
103
123
140
113
124
106
108
107
90
100
88
114
122
89
90
97
102
102
120
88
156
112
129
108
106
97
93
86
85
67
85
96
86
100
93
106
93
91
167
99
123
105
115
104
98
93
92
81
82
88
91
102
103
93
107
72
120
112
100
77
80
74
83
74
85
79
102
98
82
86
95
106
119
84
170
109
108
97
83
68
97
81
81
58
76
88
71
85
100
93
100
102
154
94
102
101
87
77
94
89
92
51
80
98
74
110
81
40
122
86
181
84
145
92
113
101
100
107
85
91
70
111
86
97
117
99
114
91
186
93
135
116
99
105
106
106
86
89
77
128
97
104
105
96
75
104
176
82
122
118
112
112
110
97
82
114
78
131
95
105
112
92
69
123
